1 0 0 0 0 23 
2 1 1 0 0 11 
3 1 1 1 0 12 
4 2 2 0 0 8 
5 2 2 1 0 3 
6 3 2 0 0 8 
7 3 2 1 0 4 
8 4 3 0 0 3 
9 4 3 1 0 5 
10 5 3 0 0 1 
11 5 3 1 0 2 
12 6 3 0 0 5 
13 6 3 1 0 3 
14 7 3 0 0 2 
15 7 3 1 0 2 
16 8 4 0 0 3 
17 8 4 1 0 0 
18 9 4 0 0 2 
19 9 4 1 0 3 
20 10 4 0 0 0 
21 10 4 1 0 1 
22 11 4 0 0 1 
23 11 4 1 0 1 
24 12 4 0 0 2 
25 12 4 1 0 3 
26 13 4 0 0 1 
27 13 4 1 0 2 
28 14 4 0 0 2 
29 14 4 1 0 0 
30 15 4 0 0 1 
31 15 4 1 0 1 
32 16 5 0 0 2 
33 16 5 1 0 1 
34 17 5 0 0 0 
35 17 5 1 0 0 
36 18 5 0 0 2 
37 18 5 1 0 0 
38 19 5 0 0 1 
39 19 5 1 0 2 
40 20 5 0 0 0 
41 20 5 1 0 0 
42 21 5 0 0 1 
43 21 5 1 0 0 
44 22 5 0 0 0 
45 22 5 1 0 1 
46 23 5 0 0 1 
47 23 5 1 0 0 
48 24 5 0 0 1 
49 24 5 1 0 1 
50 25 5 0 0 3 
51 25 5 1 0 0 
52 26 5 0 0 1 
53 26 5 1 0 0 
54 27 5 0 0 1 
55 27 5 1 0 1 
56 28 5 0 0 1 
57 28 5 1 0 1 
58 29 5 0 0 0 
59 29 5 1 0 0 
60 30 5 0 0 0 
61 30 5 1 0 1 
62 31 5 0 0 1 
63 31 5 1 0 0 
64 32 6 0 1 2 
65 32 6 1 1 0 
66 33 6 0 1 0 
67 33 6 1 1 1 
68 34 6 0 1 0 
69 34 6 1 1 0 
70 35 6 0 1 0 
71 35 6 1 1 0 
72 36 6 0 1 2 
73 36 6 1 1 0 
74 37 6 0 1 0 
75 37 6 1 1 0 
76 38 6 0 1 1 
77 38 6 1 1 0 
78 39 6 0 1 0 
79 39 6 1 1 2 
80 40 6 0 1 0 
81 40 6 1 1 0 
82 41 6 0 1 0 
83 41 6 1 1 0 
84 42 6 0 1 1 
85 42 6 1 1 0 
86 43 6 0 1 0 
87 43 6 1 1 0 
88 44 6 0 1 0 
89 44 6 1 1 0 
90 45 6 0 1 0 
91 45 6 1 1 1 
92 46 6 0 1 0 
93 46 6 1 1 1 
94 47 6 0 1 0 
95 47 6 1 1 0 
96 48 6 0 1 1 
97 48 6 1 1 0 
98 49 6 0 1 0 
99 49 6 1 1 1 
100 50 6 0 1 2 
101 50 6 1 1 1 
102 51 6 0 1 0 
103 51 6 1 1 0 
104 52 6 0 1 0 
105 52 6 1 1 1 
106 53 6 0 1 0 
107 53 6 1 1 0 
108 54 6 0 1 0 
109 54 6 1 1 1 
110 55 6 0 1 0 
111 55 6 1 1 1 
112 56 6 0 1 0 
113 56 6 1 1 1 
114 57 6 0 1 0 
115 57 6 1 1 1 
116 58 6 0 1 0 
117 58 6 1 1 0 
118 59 6 0 1 0 
119 59 6 1 1 0 
120 60 6 0 1 0 
121 60 6 1 1 0 
122 61 6 0 1 1 
123 61 6 1 1 0 
124 62 6 0 1 1 
125 62 6 1 1 0 
126 63 6 0 1 0 
127 63 6 1 1 0 
